p2;A
0.001;1.57073
0.00101859;1.56998
0.00103753;1.56924
0.00105682;1.56851
0.00107647;1.56778
0.00109648;1.56706
0.00111686;1.56635
0.00113763;1.56565
0.00115878;1.56495
0.00118032;1.56425
0.00120226;1.56357
0.00122462;1.56288
0.00124738;1.56221
0.00127057;1.56154
0.0012942;1.56088
0.00131826;1.56022
0.00134276;1.55957
0.00136773;1.55893
0.00139316;1.55829
0.00141906;1.55766
0.00144544;1.55703
0.00147231;1.55641
0.00149968;1.55579
0.00152757;1.55518
0.00155597;1.55457
0.00158489;1.55398
0.00161436;1.55338
0.00164437;1.55279
0.00167494;1.55221
0.00170608;1.55163
0.0017378;1.55106
0.00177011;1.55049
0.00180302;1.54993
0.00183654;1.54937
0.00187068;1.54882
0.00190546;1.54827
0.00194089;1.54773
0.00197697;1.54719
0.00201372;1.54666
0.00205116;1.54613
0.0020893;1.5456
0.00212814;1.54508
0.0021677;1.54457
0.002208;1.54406
0.00224905;1.54355
0.00229087;1.54305
0.00233346;1.54256
0.00237684;1.54207
0.00242103;1.54158
0.00246604;1.5411
0.00251189;1.54062
0.00255859;1.54014
0.00260615;1.53967
0.00265461;1.5392
0.00270396;1.53874
0.00275423;1.53828
0.00280543;1.53783
0.00285759;1.53738
0.00291072;1.53693
0.00296483;1.53649
0.00301995;1.53605
0.0030761;1.53562
0.00313329;1.53519
0.00319154;1.53476
0.00325087;1.53434
0.00331131;1.53392
0.00337287;1.5335
0.00343558;1.53309
0.00349945;1.53268
0.00356451;1.53227
0.00363078;1.53187
0.00369828;1.53147
0.00376704;1.53108
0.00383707;1.53069
0.00390841;1.5303
0.00398107;1.52991
0.00405509;1.52953
0.00413048;1.52915
0.00420727;1.52878
0.00428549;1.52841
0.00436516;1.52804
0.00444631;1.52767
0.00452898;1.52731
0.00461318;1.52695
0.00469894;1.52659
0.0047863;1.52624
0.00487528;1.52589
0.00496592;1.52554
0.00505825;1.52519
0.00515229;1.52485
0.00524807;1.52451
0.00534564;1.52418
0.00544503;1.52384
0.00554626;1.52351
0.00564937;1.52318
0.0057544;1.52285
0.00586138;1.52253
0.00597035;1.52221
0.00608135;1.52189
0.00619441;1.52158
0.00630957;1.52126
0.00642688;1.52095
0.00654636;1.52064
0.00666807;1.52034
0.00679204;1.52003
0.00691831;1.51973
0.00704693;1.51943
0.00717794;1.51914
0.00731139;1.51884
0.00744732;1.51855
0.00758578;1.51826
0.00772681;1.51797
0.00787046;1.51768
0.00801678;1.5174
0.00816582;1.51712
0.00831764;1.51684
0.00847227;1.51656
0.00862979;1.51628
0.00879023;1.51601
0.00895365;1.51574
0.00912011;1.51547
0.00928966;1.5152
0.00946237;1.51493
0.00963829;1.51467
0.00981748;1.5144
0.01;1.51414
0.0101859;1.51388
0.0103753;1.51362
0.0105682;1.51337
0.0107647;1.51311
0.0109648;1.51286
0.0111686;1.51261
0.0113763;1.51236
0.0115878;1.51211
0.0118032;1.51186
0.0120226;1.51162
0.0122462;1.51137
0.0124738;1.51113
0.0127057;1.51089
0.012942;1.51065
0.0131826;1.51041
0.0134276;1.51017
0.0136773;1.50993
0.0139316;1.5097
0.0141906;1.50946
0.0144544;1.50923
0.0147231;1.509
0.0149968;1.50877
0.0152757;1.50854
0.0155597;1.50831
0.0158489;1.50808
0.0161436;1.50785
0.0164437;1.50763
0.0167494;1.5074
0.0170608;1.50718
0.017378;1.50696
0.0177011;1.50673
0.0180302;1.50651
0.0183654;1.50629
0.0187068;1.50607
0.0190546;1.50585
0.0194089;1.50563
0.0197697;1.50541
0.0201372;1.50519
0.0205116;1.50498
0.020893;1.50476
0.0212814;1.50454
0.021677;1.50433
0.02208;1.50411
0.0224905;1.5039
0.0229087;1.50368
0.0233346;1.50347
0.0237684;1.50326
0.0242103;1.50304
0.0246604;1.50283
0.0251189;1.50261
0.0255859;1.5024
0.0260615;1.50219
0.0265461;1.50198
0.0270396;1.50176
0.0275423;1.50155
0.0280543;1.50134
0.0285759;1.50112
0.0291072;1.50091
0.0296483;1.5007
0.0301995;1.50048
0.030761;1.50027
0.0313329;1.50006
0.0319154;1.49984
0.0325087;1.49963
0.0331131;1.49941
0.0337287;1.4992
0.0343558;1.49898
0.0349945;1.49877
0.0356451;1.49855
0.0363078;1.49833
0.0369828;1.49811
0.0376704;1.49789
0.0383707;1.49768
0.0390841;1.49746
0.0398107;1.49723
0.0405509;1.49701
0.0413048;1.49679
0.0420727;1.49657
0.0428549;1.49634
0.0436516;1.49612
0.0444631;1.49589
0.0452898;1.49566
0.0461318;1.49543
0.0469894;1.4952
0.047863;1.49497
0.0487528;1.49473
0.0496592;1.4945
0.0505825;1.49426
0.0515229;1.49403
0.0524807;1.49379
0.0534564;1.49354
0.0544503;1.4933
0.0554626;1.49306
0.0564937;1.49281
0.057544;1.49256
0.0586138;1.49231
0.0597035;1.49206
0.0608135;1.4918
0.0619441;1.49155
0.0630957;1.49129
0.0642688;1.49103
0.0654636;1.49076
0.0666807;1.4905
0.0679204;1.49023
0.0691831;1.48996
0.0704693;1.48969
0.0717794;1.48941
0.0731139;1.48913
0.0744732;1.48885
0.0758578;1.48857
0.0772681;1.48828
0.0787046;1.48799
0.0801678;1.4877
0.0816582;1.4874
0.0831764;1.4871
0.0847227;1.4868
0.0862979;1.48649
0.0879023;1.48618
0.0895365;1.48587
0.0912011;1.48555
0.0928966;1.48523
0.0946237;1.48491
0.0963829;1.48458
0.0981748;1.48425
0.1;1.48392
0.101859;1.48358
0.103753;1.48323
0.105682;1.48289
0.107647;1.48253
0.109648;1.48218
0.111686;1.48182
0.113763;1.48145
0.115878;1.48108
0.118032;1.48071
0.120226;1.48033
0.122462;1.47995
0.124738;1.47956
0.127057;1.47916
0.12942;1.47877
0.131826;1.47836
0.134276;1.47795
0.136773;1.47754
0.139316;1.47712
0.141906;1.47669
0.144544;1.47626
0.147231;1.47582
0.149968;1.47538
0.152757;1.47493
0.155597;1.47448
0.158489;1.47401
0.161436;1.47355
0.164437;1.47307
0.167494;1.47259
0.170608;1.4721
0.17378;1.47161
0.177011;1.47111
0.180302;1.4706
0.183654;1.47009
0.187068;1.46957
0.190546;1.46904
0.194089;1.4685
0.197697;1.46796
0.201372;1.4674
0.205116;1.46684
0.20893;1.46628
0.212814;1.4657
0.21677;1.46511
0.2208;1.46452
0.224905;1.46391
0.229087;1.4633
0.233346;1.46268
0.237684;1.46204
0.242103;1.4614
0.246604;1.46075
0.251189;1.46009
0.255859;1.45941
0.260615;1.45873
0.265461;1.45803
0.270396;1.45733
0.275423;1.45661
0.280543;1.45588
0.285759;1.45514
0.291072;1.45439
0.296483;1.45362
0.301995;1.45284
0.30761;1.45206
0.313329;1.45125
0.319154;1.45044
0.325087;1.44961
0.331131;1.44877
0.337287;1.44792
0.343558;1.44705
0.349945;1.44617
0.356451;1.44527
0.363078;1.44436
0.369828;1.44344
0.376704;1.4425
0.383707;1.44155
0.390841;1.44058
0.398107;1.4396
0.405509;1.43861
0.413048;1.43759
0.420727;1.43657
0.428549;1.43552
0.436516;1.43447
0.444631;1.43339
0.452898;1.4323
0.461318;1.4312
0.469894;1.43007
0.47863;1.42893
0.487528;1.42778
0.496592;1.4266
0.505825;1.42541
0.515229;1.4242
0.524807;1.42297
0.534564;1.42172
0.544503;1.42045
0.554626;1.41916
0.564937;1.41785
0.57544;1.41652
0.586138;1.41517
0.597035;1.41379
0.608135;1.4124
0.619441;1.41098
0.630957;1.40954
0.642688;1.40808
0.654636;1.40659
0.666807;1.40508
0.679204;1.40355
0.691831;1.40199
0.704693;1.40041
0.717794;1.39881
0.731139;1.39718
0.744732;1.39553
0.758578;1.39385
0.772681;1.39215
0.787046;1.39042
0.801678;1.38867
0.816582;1.38689
0.831764;1.38509
0.847227;1.38327
0.862979;1.38142
0.879023;1.37955
0.895365;1.37765
0.912011;1.37572
0.928966;1.37377
0.946237;1.37179
0.963829;1.36979
0.981748;1.36775
1;1.36569
1.01859;1.36361
1.03753;1.36149
1.05682;1.35935
1.07647;1.35717
1.09648;1.35497
1.11686;1.35274
1.13763;1.35049
1.15878;1.3482
1.18032;1.34589
1.20226;1.34355
1.22462;1.34118
1.24738;1.33878
1.27057;1.33636
1.2942;1.33391
1.31826;1.33144
1.34276;1.32894
1.36773;1.32642
1.39316;1.32387
1.41906;1.3213
1.44544;1.3187
1.47231;1.31608
1.49968;1.31344
1.52757;1.31078
1.55597;1.30809
1.58489;1.30537
1.61436;1.30264
1.64437;1.29988
1.67494;1.2971
1.70608;1.2943
1.7378;1.29148
1.77011;1.28864
1.80302;1.28578
1.83654;1.2829
1.87068;1.28
1.90546;1.27709
1.94089;1.27417
1.97697;1.27123
2.01372;1.26828
2.05116;1.26532
2.0893;1.26234
2.12814;1.25936
2.1677;1.25637
2.208;1.25337
2.24905;1.25036
2.29087;1.24734
2.33346;1.24432
2.37684;1.24129
2.42103;1.23825
2.46604;1.23521
2.51189;1.23217
2.55859;1.22913
2.60615;1.22608
2.65461;1.22304
2.70396;1.21999
2.75423;1.21696
2.80543;1.21392
2.85759;1.2109
2.91072;1.20787
2.96483;1.20486
3.01995;1.20185
3.0761;1.19886
3.13329;1.19587
3.19154;1.19288
3.25087;1.18991
3.31131;1.18695
3.37287;1.184
3.43558;1.18106
3.49945;1.17814
3.56451;1.17523
3.63078;1.17234
3.69828;1.16947
3.76704;1.16661
3.83707;1.16377
3.90841;1.16095
3.98107;1.15815
4.05509;1.15536
4.13048;1.1526
4.20727;1.14985
4.28549;1.14712
4.36516;1.14441
4.44631;1.14173
4.52898;1.13906
4.61318;1.13642
4.69894;1.1338
4.7863;1.1312
4.87528;1.12863
4.96592;1.12608
5.05825;1.12355
5.15229;1.12104
5.24807;1.11856
5.34564;1.1161
5.44503;1.11366
5.54626;1.11125
5.64937;1.10886
5.7544;1.10649
5.86138;1.10415
5.97035;1.10184
6.08135;1.09954
6.19441;1.09728
6.30957;1.09503
6.42688;1.09281
6.54636;1.09061
6.66807;1.08844
6.79204;1.08629
6.91831;1.08416
7.04693;1.08206
7.17794;1.07998
7.31139;1.07793
7.44732;1.0759
7.58578;1.07389
7.72681;1.0719
7.87046;1.06994
8.01678;1.068
8.16582;1.06608
8.31764;1.06419
8.47227;1.06232
8.62979;1.06047
8.79023;1.05865
8.95365;1.05684
9.12011;1.05506
9.28966;1.0533
9.46237;1.05156
9.63829;1.04984
9.81748;1.04815
10.0925;1.04564
10.1859;1.04482
10.2802;1.044
10.3753;1.04319
10.4713;1.04238
10.5682;1.04158
10.666;1.04078
10.7647;1.03999
10.8643;1.0392
10.9648;1.03841
11.0662;1.03764
11.1686;1.03686
11.272;1.0361
11.3763;1.03533
11.4815;1.03457
11.5878;1.03382
11.695;1.03307
11.8032;1.03233
11.9124;1.03159
12.0226;1.03086
12.1339;1.03013
12.2462;1.0294
12.3595;1.02869
12.4738;1.02797
12.5893;1.02726
12.7057;1.02656
12.8233;1.02585
12.942;1.02516
13.0617;1.02447
13.1826;1.02378
13.3045;1.0231
13.4276;1.02242
13.5519;1.02175
13.6773;1.02108
13.8038;1.02042
13.9316;1.01976
14.0605;1.0191
14.1906;1.01845
14.3219;1.0178
14.4544;1.01716
14.5881;1.01653
14.7231;1.01589
14.8594;1.01526
14.9968;1.01464
15.1356;1.01402
15.2757;1.0134
15.417;1.01279
15.5597;1.01218
15.7036;1.01158
15.8489;1.01098
15.9956;1.01038
16.1436;1.00979
16.293;1.00921
16.4437;1.00862
16.5959;1.00804
16.7494;1.00747
16.9044;1.0069
17.0608;1.00633
17.2187;1.00577
17.378;1.00521
17.5388;1.00466
17.7011;1.00411
17.8649;1.00356
18.0302;1.00302
18.197;1.00248
18.3654;1.00194
18.5353;1.00141
18.7068;1.00088
18.8799;1.00036
19.0546;0.999838
19.2309;0.999322
19.4089;0.99881
19.5884;0.998301
19.7697;0.997796
19.9526;0.997295
20.1372;0.996798
20.3236;0.996304
20.5116;0.995814
20.7014;0.995328
20.893;0.994845
21.0863;0.994366
21.2814;0.993891
21.4783;0.993419
21.677;0.992951
21.8776;0.992486
22.08;0.992025
22.2844;0.991568
22.4905;0.991114
22.6986;0.990664
22.9087;0.990217
23.1206;0.989774
23.3346;0.989334
23.5505;0.988898
23.7684;0.988465
23.9883;0.988036
24.2103;0.98761
24.4343;0.987187
24.6604;0.986768
24.8886;0.986353
25.1189;0.98594
25.3513;0.985531
25.5859;0.985126
25.8226;0.984724
26.0615;0.984325
26.3027;0.983929
26.5461;0.983537
26.7917;0.983147
27.0396;0.982761
27.2898;0.982379
27.5423;0.981999
27.7971;0.981622
28.0543;0.981249
28.3139;0.980878
28.5759;0.980511
28.8403;0.980147
29.1072;0.979785
29.3765;0.979427
29.6483;0.979071
29.9226;0.978719
30.1995;0.978369
30.4789;0.978022
30.761;0.977678
31.0456;0.977336
31.3329;0.976997
31.6228;0.976661
31.9154;0.976327
32.2107;0.975996
32.5087;0.975668
32.8095;0.975341
33.1131;0.975017
33.4195;0.974696
33.7287;0.974377
34.0408;0.97406
34.3558;0.973745
34.6737;0.973432
34.9945;0.973122
35.3183;0.972813
35.6451;0.972506
35.9749;0.972202
36.3078;0.971899
36.6438;0.971598
36.9828;0.971298
37.325;0.971001
37.6704;0.970704
38.0189;0.97041
38.3707;0.970117
38.7258;0.969825
39.0841;0.969535
39.4457;0.969246
39.8107;0.968958
40.1791;0.968671
40.5509;0.968386
40.9261;0.968101
41.3048;0.967818
41.6869;0.967535
42.0727;0.967253
42.462;0.966973
42.8549;0.966693
43.2514;0.966413
43.6516;0.966134
44.0555;0.965856
44.4631;0.965579
44.8745;0.965302
45.2898;0.965025
45.7088;0.964749
46.1318;0.964473
46.5586;0.964198
46.9894;0.963922
47.4242;0.963647
47.863;0.963372
48.3059;0.963098
48.7528;0.962823
49.204;0.962549
49.6592;0.962274
50.1187;0.962
50.5825;0.961725
51.0505;0.961451
51.5229;0.961176
51.9996;0.960902
52.4807;0.960627
52.9663;0.960352
53.4564;0.960077
53.9511;0.959802
54.4503;0.959527
54.9541;0.959251
55.4626;0.958976
55.9758;0.9587
56.4937;0.958424
57.0164;0.958148
57.544;0.957872
58.0764;0.957596
58.6138;0.957319
59.1562;0.957042
59.7035;0.956766
60.256;0.956489
60.8135;0.956212
61.3762;0.955935
61.9441;0.955658
62.5173;0.955381
63.0957;0.955104
63.6796;0.954827
64.2688;0.95455
64.8634;0.954273
65.4636;0.953997
66.0693;0.95372
66.6807;0.953444
67.2977;0.953168
67.9204;0.952892
68.5488;0.952617
69.1831;0.952342
69.8232;0.952067
70.4693;0.951793
71.1214;0.95152
71.7794;0.951247
72.4436;0.950974
73.1139;0.950702
73.7904;0.950431
74.4732;0.950161
75.1623;0.949892
75.8578;0.949623
76.5597;0.949355
77.2681;0.949089
77.983;0.948823
78.7046;0.948558
79.4328;0.948295
80.1678;0.948033
80.9096;0.947771
81.6582;0.947512
82.4138;0.947253
83.1764;0.946996
83.946;0.946741
84.7227;0.946487
85.5067;0.946234
86.2979;0.945984
87.0964;0.945735
87.9023;0.945487
88.7156;0.945241
89.5365;0.944998
90.3649;0.944756
91.2011;0.944516
92.045;0.944278
92.8966;0.944042
93.7562;0.943808
94.6237;0.943576
95.4993;0.943346
96.3829;0.943119
97.2747;0.942893
98.1748;0.942671
99.0832;0.94245
100;0.942231
100.925;0.942015
101.859;0.941802
102.802;0.941591
103.753;0.941382
104.713;0.941176
105.682;0.940972
106.66;0.940771
107.647;0.940573
108.643;0.940377
109.648;0.940184
110.662;0.939993
111.686;0.939805
112.72;0.93962
113.763;0.939437
114.815;0.939257
115.878;0.93908
116.95;0.938905
118.032;0.938733
119.124;0.938564
120.226;0.938397
121.339;0.938234
122.462;0.938073
123.595;0.937914
124.738;0.937758
125.893;0.937605
127.057;0.937455
128.233;0.937307
129.42;0.937162
130.617;0.93702
131.826;0.93688
133.045;0.936743
134.276;0.936609
135.519;0.936477
136.773;0.936347
138.038;0.93622
139.316;0.936096
140.605;0.935974
141.906;0.935854
143.219;0.935737
144.544;0.935622
145.881;0.93551
147.231;0.9354
148.594;0.935292
149.968;0.935187
151.356;0.935083
152.757;0.934982
154.17;0.934883
155.597;0.934786
157.036;0.934691
158.489;0.934599
159.956;0.934508
161.436;0.934419
162.93;0.934332
164.437;0.934247
165.959;0.934164
167.494;0.934082
169.044;0.934003
170.608;0.933925
172.187;0.933848
173.78;0.933774
175.388;0.933701
177.011;0.933629
178.649;0.933559
180.302;0.93349
181.97;0.933423
183.654;0.933357
185.353;0.933293
187.068;0.93323
188.799;0.933168
190.546;0.933107
192.309;0.933048
194.089;0.932989
195.884;0.932932
197.697;0.932876
199.526;0.932821
201.372;0.932767
203.236;0.932713
205.116;0.932661
207.014;0.93261
208.93;0.932559
210.863;0.932509
212.814;0.93246
214.783;0.932412
216.77;0.932365
218.776;0.932318
220.8;0.932272
222.844;0.932227
224.905;0.932182
226.986;0.932138
229.087;0.932094
231.206;0.932051
233.346;0.932008
235.505;0.931966
237.684;0.931925
239.883;0.931884
242.103;0.931843
244.343;0.931803
246.604;0.931763
248.886;0.931723
251.189;0.931684
253.513;0.931645
255.859;0.931606
258.226;0.931568
260.615;0.93153
263.027;0.931492
265.461;0.931455
267.917;0.931418
270.396;0.931381
272.898;0.931344
275.423;0.931308
277.971;0.931271
280.543;0.931235
283.139;0.931199
285.759;0.931163
288.403;0.931128
291.072;0.931092
293.765;0.931057
296.483;0.931022
299.226;0.930987
301.995;0.930952
304.789;0.930917
307.61;0.930883
310.456;0.930848
313.329;0.930814
316.228;0.930779
319.154;0.930745
322.107;0.930711
325.087;0.930677
328.095;0.930643
331.131;0.930609
334.195;0.930575
337.287;0.930541
340.408;0.930508
343.558;0.930474
346.737;0.930441
349.945;0.930407
353.183;0.930374
356.451;0.93034
359.749;0.930307
363.078;0.930274
366.438;0.930241
369.828;0.930208
373.25;0.930175
376.704;0.930142
380.189;0.930109
383.707;0.930076
387.258;0.930043
390.841;0.93001
394.457;0.929978
398.107;0.929945
401.791;0.929912
405.509;0.92988
409.261;0.929847
413.048;0.929815
416.869;0.929782
420.727;0.92975
424.62;0.929718
428.549;0.929685
432.514;0.929653
436.516;0.929621
440.555;0.929589
444.631;0.929557
448.745;0.929525
452.898;0.929493
457.088;0.929461
461.318;0.929429
465.586;0.929397
469.894;0.929365
474.242;0.929333
478.63;0.929301
483.059;0.92927
487.528;0.929238
492.04;0.929206
496.592;0.929175
501.187;0.929143
505.825;0.929111
510.505;0.92908
515.229;0.929048
519.996;0.929017
524.807;0.928985
529.663;0.928954
534.564;0.928923
539.511;0.928891
544.503;0.92886
549.541;0.928829
554.626;0.928798
559.758;0.928766
564.937;0.928735
570.164;0.928704
575.44;0.928673
580.764;0.928642
586.138;0.928611
591.562;0.92858
597.035;0.928548
602.56;0.928517
608.135;0.928486
613.762;0.928455
619.441;0.928424
625.173;0.928394
630.957;0.928363
636.796;0.928332
642.688;0.928301
648.634;0.92827
654.636;0.928239
660.693;0.928208
666.807;0.928177
672.977;0.928146
679.204;0.928115
685.488;0.928084
691.831;0.928053
698.232;0.928023
704.693;0.927992
711.214;0.927961
717.794;0.92793
724.436;0.927899
731.139;0.927868
737.904;0.927837
744.732;0.927806
751.623;0.927775
758.578;0.927744
765.597;0.927713
772.681;0.927682
779.83;0.927651
787.046;0.92762
794.328;0.927589
801.678;0.927558
809.096;0.927527
816.582;0.927496
824.138;0.927465
831.764;0.927434
839.46;0.927404
847.227;0.927373
855.067;0.927343
862.979;0.927312
870.964;0.927283
879.023;0.927253
887.156;0.927224
895.365;0.927195
903.649;0.927166
912.011;0.927138
920.45;0.927111
928.966;0.927084
937.562;0.927058
946.237;0.927033
954.993;0.927008
963.829;0.926984
972.747;0.92696
981.748;0.926937
990.832;0.926915
1000;0.926892
