p2;M
0.001;1.79257
0.00101859;1.7934
0.00103753;1.79422
0.00105682;1.79504
0.00107647;1.79585
0.00109648;1.79665
0.00111686;1.79744
0.00113763;1.79823
0.00115878;1.79901
0.00118032;1.79979
0.00120226;1.80056
0.00122462;1.80132
0.00124738;1.80207
0.00127057;1.80282
0.0012942;1.80357
0.00131826;1.8043
0.00134276;1.80503
0.00136773;1.80576
0.00139316;1.80648
0.00141906;1.80719
0.00144544;1.80789
0.00147231;1.80859
0.00149968;1.80929
0.00152757;1.80998
0.00155597;1.81066
0.00158489;1.81133
0.00161436;1.81201
0.00164437;1.81267
0.00167494;1.81333
0.00170608;1.81398
0.0017378;1.81463
0.00177011;1.81527
0.00180302;1.81591
0.00183654;1.81654
0.00187068;1.81717
0.00190546;1.81779
0.00194089;1.8184
0.00197697;1.81901
0.00201372;1.81962
0.00205116;1.82022
0.0020893;1.82081
0.00212814;1.8214
0.0021677;1.82198
0.002208;1.82256
0.00224905;1.82313
0.00229087;1.8237
0.00233346;1.82426
0.00237684;1.82482
0.00242103;1.82538
0.00246604;1.82593
0.00251189;1.82647
0.00255859;1.82701
0.00260615;1.82754
0.00265461;1.82807
0.00270396;1.8286
0.00275423;1.82912
0.00280543;1.82963
0.00285759;1.83014
0.00291072;1.83065
0.00296483;1.83115
0.00301995;1.83165
0.0030761;1.83214
0.00313329;1.83263
0.00319154;1.83311
0.00325087;1.83359
0.00331131;1.83407
0.00337287;1.83454
0.00343558;1.83501
0.00349945;1.83547
0.00356451;1.83593
0.00363078;1.83638
0.00369828;1.83683
0.00376704;1.83728
0.00383707;1.83772
0.00390841;1.83816
0.00398107;1.83859
0.00405509;1.83902
0.00413048;1.83945
0.00420727;1.83987
0.00428549;1.84029
0.00436516;1.8407
0.00444631;1.84111
0.00452898;1.84152
0.00461318;1.84192
0.00469894;1.84232
0.0047863;1.84271
0.00487528;1.8431
0.00496592;1.84349
0.00505825;1.84388
0.00515229;1.84426
0.00524807;1.84463
0.00534564;1.84501
0.00544503;1.84538
0.00554626;1.84574
0.00564937;1.8461
0.0057544;1.84646
0.00586138;1.84682
0.00597035;1.84717
0.00608135;1.84752
0.00619441;1.84787
0.00630957;1.84821
0.00642688;1.84855
0.00654636;1.84888
0.00666807;1.84921
0.00679204;1.84954
0.00691831;1.84987
0.00704693;1.85019
0.00717794;1.85051
0.00731139;1.85082
0.00744732;1.85114
0.00758578;1.85145
0.00772681;1.85175
0.00787046;1.85206
0.00801678;1.85236
0.00816582;1.85265
0.00831764;1.85295
0.00847227;1.85324
0.00862979;1.85352
0.00879023;1.85381
0.00895365;1.85409
0.00912011;1.85437
0.00928966;1.85465
0.00946237;1.85492
0.00963829;1.85519
0.00981748;1.85545
0.01;1.85572
0.0101859;1.85598
0.0103753;1.85624
0.0105682;1.85649
0.0107647;1.85675
0.0109648;1.857
0.0111686;1.85724
0.0113763;1.85749
0.0115878;1.85773
0.0118032;1.85797
0.0120226;1.8582
0.0122462;1.85844
0.0124738;1.85867
0.0127057;1.85889
0.012942;1.85912
0.0131826;1.85934
0.0134276;1.85956
0.0136773;1.85978
0.0139316;1.85999
0.0141906;1.8602
0.0144544;1.86041
0.0147231;1.86062
0.0149968;1.86082
0.0152757;1.86102
0.0155597;1.86122
0.0158489;1.86142
0.0161436;1.86161
0.0164437;1.8618
0.0167494;1.86199
0.0170608;1.86217
0.017378;1.86236
0.0177011;1.86254
0.0180302;1.86271
0.0183654;1.86289
0.0187068;1.86306
0.0190546;1.86323
0.0194089;1.8634
0.0197697;1.86356
0.0201372;1.86372
0.0205116;1.86388
0.020893;1.86404
0.0212814;1.8642
0.021677;1.86435
0.02208;1.8645
0.0224905;1.86465
0.0229087;1.86479
0.0233346;1.86493
0.0237684;1.86507
0.0242103;1.86521
0.0246604;1.86534
0.0251189;1.86547
0.0255859;1.8656
0.0260615;1.86573
0.0265461;1.86585
0.0270396;1.86598
0.0275423;1.8661
0.0280543;1.86621
0.0285759;1.86633
0.0291072;1.86644
0.0296483;1.86655
0.0301995;1.86665
0.030761;1.86676
0.0313329;1.86686
0.0319154;1.86696
0.0325087;1.86705
0.0331131;1.86715
0.0337287;1.86724
0.0343558;1.86733
0.0349945;1.86741
0.0356451;1.86749
0.0363078;1.86757
0.0369828;1.86765
0.0376704;1.86773
0.0383707;1.8678
0.0390841;1.86787
0.0398107;1.86794
0.0405509;1.868
0.0413048;1.86806
0.0420727;1.86812
0.0428549;1.86818
0.0436516;1.86823
0.0444631;1.86828
0.0452898;1.86833
0.0461318;1.86837
0.0469894;1.86842
0.047863;1.86846
0.0487528;1.86849
0.0496592;1.86853
0.0505825;1.86856
0.0515229;1.86858
0.0524807;1.86861
0.0534564;1.86863
0.0544503;1.86865
0.0554626;1.86867
0.0564937;1.86868
0.057544;1.86869
0.0586138;1.86869
0.0597035;1.8687
0.0608135;1.8687
0.0619441;1.8687
0.0630957;1.86869
0.0642688;1.86868
0.0654636;1.86867
0.0666807;1.86865
0.0679204;1.86864
0.0691831;1.86861
0.0704693;1.86859
0.0717794;1.86856
0.0731139;1.86853
0.0744732;1.86849
0.0758578;1.86845
0.0772681;1.86841
0.0787046;1.86836
0.0801678;1.86831
0.0816582;1.86826
0.0831764;1.8682
0.0847227;1.86814
0.0862979;1.86807
0.0879023;1.86801
0.0895365;1.86793
0.0912011;1.86786
0.0928966;1.86778
0.0946237;1.86769
0.0963829;1.8676
0.0981748;1.86751
0.1;1.86741
0.101859;1.86731
0.103753;1.86721
0.105682;1.8671
0.107647;1.86698
0.109648;1.86686
0.111686;1.86674
0.113763;1.86661
0.115878;1.86648
0.118032;1.86634
0.120226;1.8662
0.122462;1.86605
0.124738;1.8659
0.127057;1.86575
0.12942;1.86558
0.131826;1.86542
0.134276;1.86525
0.136773;1.86507
0.139316;1.86489
0.141906;1.8647
0.144544;1.8645
0.147231;1.86431
0.149968;1.8641
0.152757;1.86389
0.155597;1.86367
0.158489;1.86345
0.161436;1.86322
0.164437;1.86299
0.167494;1.86275
0.170608;1.8625
0.17378;1.86225
0.177011;1.86199
0.180302;1.86172
0.183654;1.86145
0.187068;1.86117
0.190546;1.86089
0.194089;1.86059
0.197697;1.86029
0.201372;1.85999
0.205116;1.85967
0.20893;1.85935
0.212814;1.85902
0.21677;1.85868
0.2208;1.85834
0.224905;1.85799
0.229087;1.85763
0.233346;1.85726
0.237684;1.85688
0.242103;1.8565
0.246604;1.85611
0.251189;1.85571
0.255859;1.8553
0.260615;1.85488
0.265461;1.85446
0.270396;1.85402
0.275423;1.85358
0.280543;1.85313
0.285759;1.85266
0.291072;1.85219
0.296483;1.85171
0.301995;1.85122
0.30761;1.85072
0.313329;1.85021
0.319154;1.84969
0.325087;1.84916
0.331131;1.84862
0.337287;1.84807
0.343558;1.8475
0.349945;1.84693
0.356451;1.84635
0.363078;1.84575
0.369828;1.84514
0.376704;1.84452
0.383707;1.84389
0.390841;1.84325
0.398107;1.84259
0.405509;1.84192
0.413048;1.84124
0.420727;1.84054
0.428549;1.83984
0.436516;1.83911
0.444631;1.83838
0.452898;1.83763
0.461318;1.83687
0.469894;1.83609
0.47863;1.8353
0.487528;1.83449
0.496592;1.83367
0.505825;1.83283
0.515229;1.83198
0.524807;1.83111
0.534564;1.83023
0.544503;1.82933
0.554626;1.82841
0.564937;1.82748
0.57544;1.82653
0.586138;1.82557
0.597035;1.82459
0.608135;1.8236
0.619441;1.82258
0.630957;1.82155
0.642688;1.8205
0.654636;1.81944
0.666807;1.81835
0.679204;1.81725
0.691831;1.81613
0.704693;1.81499
0.717794;1.81383
0.731139;1.81265
0.744732;1.81145
0.758578;1.81023
0.772681;1.80899
0.787046;1.80773
0.801678;1.80645
0.816582;1.80515
0.831764;1.80382
0.847227;1.80247
0.862979;1.8011
0.879023;1.79971
0.895365;1.7983
0.912011;1.79686
0.928966;1.7954
0.946237;1.79392
0.963829;1.79241
0.981748;1.79088
1;1.78932
1.01859;1.78775
1.03753;1.78614
1.05682;1.78452
1.07647;1.78287
1.09648;1.78119
1.11686;1.7795
1.13763;1.77777
1.15878;1.77602
1.18032;1.77425
1.20226;1.77245
1.22462;1.77062
1.24738;1.76877
1.27057;1.76689
1.2942;1.76498
1.31826;1.76304
1.34276;1.76108
1.36773;1.75909
1.39316;1.75707
1.41906;1.75502
1.44544;1.75295
1.47231;1.75084
1.49968;1.74871
1.52757;1.74654
1.55597;1.74435
1.58489;1.74213
1.61436;1.73989
1.64437;1.73761
1.67494;1.73531
1.70608;1.73298
1.7378;1.73062
1.77011;1.72823
1.80302;1.72581
1.83654;1.72336
1.87068;1.72089
1.90546;1.71838
1.94089;1.71584
1.97697;1.71328
2.01372;1.71068
2.05116;1.70805
2.0893;1.7054
2.12814;1.70271
2.1677;1.69999
2.208;1.69725
2.24905;1.69447
2.29087;1.69167
2.33346;1.68884
2.37684;1.68598
2.42103;1.68309
2.46604;1.68018
2.51189;1.67724
2.55859;1.67427
2.60615;1.67127
2.65461;1.66825
2.70396;1.6652
2.75423;1.66212
2.80543;1.65901
2.85759;1.65587
2.91072;1.65271
2.96483;1.64952
3.01995;1.64631
3.0761;1.64307
3.13329;1.63981
3.19154;1.63652
3.25087;1.63321
3.31131;1.62988
3.37287;1.62653
3.43558;1.62315
3.49945;1.61976
3.56451;1.61634
3.63078;1.6129
3.69828;1.60944
3.76704;1.60595
3.83707;1.60245
3.90841;1.59893
3.98107;1.59539
4.05509;1.59183
4.13048;1.58826
4.20727;1.58468
4.28549;1.58108
4.36516;1.57746
4.44631;1.57383
4.52898;1.57019
4.61318;1.56653
4.69894;1.56287
4.7863;1.55919
4.87528;1.55549
4.96592;1.55179
5.05825;1.54808
5.15229;1.54436
5.24807;1.54064
5.34564;1.53691
5.44503;1.53318
5.54626;1.52944
5.64937;1.52569
5.7544;1.52194
5.86138;1.51819
5.97035;1.51444
6.08135;1.51068
6.19441;1.50692
6.30957;1.50317
6.42688;1.49941
6.54636;1.49566
6.66807;1.49191
6.79204;1.48816
6.91831;1.48442
7.04693;1.48068
7.17794;1.47695
7.31139;1.47322
7.44732;1.4695
7.58578;1.46579
7.72681;1.46208
7.87046;1.45839
8.01678;1.4547
8.16582;1.45103
8.31764;1.44736
8.47227;1.44371
8.62979;1.44007
8.79023;1.43643
8.95365;1.43282
9.12011;1.42921
9.28966;1.42562
9.46237;1.42204
9.63829;1.41848
9.81748;1.41494
10.0925;1.40964
10.1859;1.40789
10.2802;1.40614
10.3753;1.40439
10.4713;1.40264
10.5682;1.4009
10.666;1.39917
10.7647;1.39744
10.8643;1.39571
10.9648;1.39399
11.0662;1.39227
11.1686;1.39056
11.272;1.38885
11.3763;1.38715
11.4815;1.38545
11.5878;1.38375
11.695;1.38206
11.8032;1.38038
11.9124;1.37869
12.0226;1.37702
12.1339;1.37535
12.2462;1.37368
12.3595;1.37202
12.4738;1.37036
12.5893;1.36871
12.7057;1.36706
12.8233;1.36541
12.942;1.36378
13.0617;1.36214
13.1826;1.36051
13.3045;1.35889
13.4276;1.35727
13.5519;1.35566
13.6773;1.35405
13.8038;1.35245
13.9316;1.35085
14.0605;1.34925
14.1906;1.34767
14.3219;1.34608
14.4544;1.3445
14.5881;1.34293
14.7231;1.34136
14.8594;1.3398
14.9968;1.33824
15.1356;1.33669
15.2757;1.33514
15.417;1.3336
15.5597;1.33206
15.7036;1.33053
15.8489;1.329
15.9956;1.32748
16.1436;1.32596
16.293;1.32445
16.4437;1.32294
16.5959;1.32144
16.7494;1.31995
16.9044;1.31846
17.0608;1.31697
17.2187;1.31549
17.378;1.31402
17.5388;1.31255
17.7011;1.31108
17.8649;1.30962
18.0302;1.30817
18.197;1.30672
18.3654;1.30528
18.5353;1.30384
18.7068;1.30241
18.8799;1.30098
19.0546;1.29956
19.2309;1.29814
19.4089;1.29673
19.5884;1.29533
19.7697;1.29393
19.9526;1.29253
20.1372;1.29114
20.3236;1.28976
20.5116;1.28838
20.7014;1.28701
20.893;1.28564
21.0863;1.28428
21.2814;1.28292
21.4783;1.28157
21.677;1.28023
21.8776;1.27889
22.08;1.27756
22.2844;1.27623
22.4905;1.27491
22.6986;1.27359
22.9087;1.27228
23.1206;1.27098
23.3346;1.26968
23.5505;1.26839
23.7684;1.2671
23.9883;1.26582
24.2103;1.26455
24.4343;1.26328
24.6604;1.26201
24.8886;1.26076
25.1189;1.25951
25.3513;1.25826
25.5859;1.25702
25.8226;1.25579
26.0615;1.25456
26.3027;1.25334
26.5461;1.25212
26.7917;1.25091
27.0396;1.24971
27.2898;1.24851
27.5423;1.24732
27.7971;1.24613
28.0543;1.24495
28.3139;1.24378
28.5759;1.24261
28.8403;1.24145
29.1072;1.24029
29.3765;1.23914
29.6483;1.23799
29.9226;1.23685
30.1995;1.23572
30.4789;1.23459
30.761;1.23347
31.0456;1.23235
31.3329;1.23124
31.6228;1.23013
31.9154;1.22903
32.2107;1.22794
32.5087;1.22685
32.8095;1.22576
33.1131;1.22468
33.4195;1.2236
33.7287;1.22253
34.0408;1.22147
34.3558;1.2204
34.6737;1.21935
34.9945;1.2183
35.3183;1.21725
35.6451;1.2162
35.9749;1.21516
36.3078;1.21413
36.6438;1.21309
36.9828;1.21207
37.325;1.21104
37.6704;1.21002
38.0189;1.209
38.3707;1.20799
38.7258;1.20698
39.0841;1.20597
39.4457;1.20496
39.8107;1.20396
40.1791;1.20296
40.5509;1.20196
40.9261;1.20096
41.3048;1.19997
41.6869;1.19898
42.0727;1.19799
42.462;1.197
42.8549;1.19601
43.2514;1.19502
43.6516;1.19404
44.0555;1.19306
44.4631;1.19207
44.8745;1.19109
45.2898;1.19011
45.7088;1.18913
46.1318;1.18815
46.5586;1.18717
46.9894;1.18619
47.4242;1.18521
47.863;1.18423
48.3059;1.18325
48.7528;1.18227
49.204;1.18129
49.6592;1.18031
50.1187;1.17933
50.5825;1.17835
51.0505;1.17737
51.5229;1.17638
51.9996;1.1754
52.4807;1.17441
52.9663;1.17343
53.4564;1.17244
53.9511;1.17145
54.4503;1.17046
54.9541;1.16947
55.4626;1.16847
55.9758;1.16748
56.4937;1.16648
57.0164;1.16549
57.544;1.16449
58.0764;1.16349
58.6138;1.16248
59.1562;1.16148
59.7035;1.16047
60.256;1.15947
60.8135;1.15846
61.3762;1.15745
61.9441;1.15644
62.5173;1.15543
63.0957;1.15441
63.6796;1.1534
64.2688;1.15238
64.8634;1.15136
65.4636;1.15034
66.0693;1.14932
66.6807;1.1483
67.2977;1.14727
67.9204;1.14625
68.5488;1.14522
69.1831;1.1442
69.8232;1.14317
70.4693;1.14214
71.1214;1.14112
71.7794;1.14009
72.4436;1.13906
73.1139;1.13803
73.7904;1.137
74.4732;1.13597
75.1623;1.13494
75.8578;1.13391
76.5597;1.13288
77.2681;1.13185
77.983;1.13082
78.7046;1.12979
79.4328;1.12876
80.1678;1.12774
80.9096;1.12671
81.6582;1.12569
82.4138;1.12466
83.1764;1.12364
83.946;1.12262
84.7227;1.1216
85.5067;1.12058
86.2979;1.11956
87.0964;1.11855
87.9023;1.11753
88.7156;1.11652
89.5365;1.11551
90.3649;1.11451
91.2011;1.1135
92.045;1.1125
92.8966;1.1115
93.7562;1.11051
94.6237;1.10951
95.4993;1.10852
96.3829;1.10754
97.2747;1.10655
98.1748;1.10557
99.0832;1.10459
100;1.10362
100.925;1.10265
101.859;1.10168
102.802;1.10072
103.753;1.09976
104.713;1.09881
105.682;1.09786
106.66;1.09691
107.647;1.09597
108.643;1.09503
109.648;1.0941
110.662;1.09317
111.686;1.09224
112.72;1.09132
113.763;1.09041
114.815;1.0895
115.878;1.08859
116.95;1.08769
118.032;1.08679
119.124;1.0859
120.226;1.08501
121.339;1.08413
122.462;1.08325
123.595;1.08238
124.738;1.08151
125.893;1.08065
127.057;1.07979
128.233;1.07894
129.42;1.07809
130.617;1.07725
131.826;1.07641
133.045;1.07558
134.276;1.07475
135.519;1.07392
136.773;1.07311
138.038;1.07229
139.316;1.07148
140.605;1.07068
141.906;1.06988
143.219;1.06909
144.544;1.0683
145.881;1.06751
147.231;1.06673
148.594;1.06596
149.968;1.06519
151.356;1.06442
152.757;1.06366
154.17;1.0629
155.597;1.06215
157.036;1.0614
158.489;1.06065
159.956;1.05991
161.436;1.05918
162.93;1.05845
164.437;1.05772
165.959;1.05699
167.494;1.05627
169.044;1.05556
170.608;1.05484
172.187;1.05413
173.78;1.05343
175.388;1.05273
177.011;1.05203
178.649;1.05134
180.302;1.05064
181.97;1.04996
183.654;1.04927
185.353;1.04859
187.068;1.04791
188.799;1.04724
190.546;1.04656
192.309;1.04589
194.089;1.04523
195.884;1.04456
197.697;1.0439
199.526;1.04324
201.372;1.04259
203.236;1.04193
205.116;1.04128
207.014;1.04063
208.93;1.03998
210.863;1.03934
212.814;1.0387
214.783;1.03806
216.77;1.03742
218.776;1.03678
220.8;1.03615
222.844;1.03552
224.905;1.03489
226.986;1.03426
229.087;1.03363
231.206;1.03301
233.346;1.03238
235.505;1.03176
237.684;1.03114
239.883;1.03053
242.103;1.02991
244.343;1.02929
246.604;1.02868
248.886;1.02807
251.189;1.02746
253.513;1.02685
255.859;1.02624
258.226;1.02563
260.615;1.02502
263.027;1.02442
265.461;1.02382
267.917;1.02321
270.396;1.02261
272.898;1.02201
275.423;1.02141
277.971;1.02081
280.543;1.02022
283.139;1.01962
285.759;1.01903
288.403;1.01843
291.072;1.01784
293.765;1.01725
296.483;1.01666
299.226;1.01607
301.995;1.01548
304.789;1.01489
307.61;1.0143
310.456;1.01372
313.329;1.01313
316.228;1.01255
319.154;1.01196
322.107;1.01138
325.087;1.0108
328.095;1.01022
331.131;1.00963
334.195;1.00906
337.287;1.00848
340.408;1.0079
343.558;1.00732
346.737;1.00674
349.945;1.00617
353.183;1.00559
356.451;1.00502
359.749;1.00445
363.078;1.00387
366.438;1.0033
369.828;1.00273
373.25;1.00216
376.704;1.00159
380.189;1.00102
383.707;1.00045
387.258;0.999884
390.841;0.999317
394.457;0.998751
398.107;0.998186
401.791;0.997621
405.509;0.997057
409.261;0.996493
413.048;0.995931
416.869;0.995369
420.727;0.994808
424.62;0.994247
428.549;0.993687
432.514;0.993128
436.516;0.99257
440.555;0.992012
444.631;0.991455
448.745;0.990898
452.898;0.990342
457.088;0.989787
461.318;0.989233
465.586;0.988679
469.894;0.988126
474.242;0.987573
478.63;0.987022
483.059;0.98647
487.528;0.98592
492.04;0.98537
496.592;0.984821
501.187;0.984272
505.825;0.983724
510.505;0.983176
515.229;0.98263
519.996;0.982083
524.807;0.981538
529.663;0.980993
534.564;0.980448
539.511;0.979905
544.503;0.979362
549.541;0.978819
554.626;0.978277
559.758;0.977735
564.937;0.977195
570.164;0.976654
575.44;0.976115
580.764;0.975575
586.138;0.975037
591.562;0.974499
597.035;0.973961
602.56;0.973424
608.135;0.972888
613.762;0.972352
619.441;0.971816
625.173;0.971281
630.957;0.970747
636.796;0.970213
642.688;0.96968
648.634;0.969147
654.636;0.968614
660.693;0.968082
666.807;0.96755
672.977;0.967019
679.204;0.966489
685.488;0.965958
691.831;0.965428
698.232;0.964899
704.693;0.96437
711.214;0.963841
717.794;0.963313
724.436;0.962785
731.139;0.962257
737.904;0.96173
744.732;0.961203
751.623;0.960676
758.578;0.96015
765.597;0.959624
772.681;0.959098
779.83;0.958572
787.046;0.958047
794.328;0.957521
801.678;0.956996
809.096;0.956471
816.582;0.955946
824.138;0.955421
831.764;0.954896
839.46;0.954371
847.227;0.953846
855.067;0.953321
862.979;0.952795
870.964;0.95227
879.023;0.951744
887.156;0.951218
895.365;0.950692
903.649;0.950165
912.011;0.949639
920.45;0.949112
928.966;0.948585
937.562;0.948058
946.237;0.947532
954.993;0.947007
963.829;0.946482
972.747;0.945958
981.748;0.945436
990.832;0.944917
1000;0.944399
